unknown system
           1
     0.000000    3.215460    3.215460
     3.215460    0.000000    3.215460
     3.215460    3.215460    0.000000
   Hf   Pt   Sb
   1   1   1
Direct configuration=     1
   0.25000000  0.25000000  0.25000000
   0.00000000  0.00000000  0.00000000
   0.75000000  0.75000000  0.75000000
unknown system
           1
     0.000000    3.196204    3.196204
     3.196204    0.000000    3.196204
     3.196204    3.196204    0.000000
   Hf   Pt   Sb
   1   1   1
Direct configuration=     2
   0.25000000  0.25000000  0.25000000
   0.00000000  0.00000000  0.00000000
   0.75000000  0.75000000  0.75000000
unknown system
           1
     0.000000    3.175527    3.175527
     3.175527    0.000000    3.175527
     3.175527    3.175527    0.000000
   Hf   Pt   Sb
   1   1   1
Direct configuration=     3
   0.25000000  0.25000000  0.25000000
   0.00000000  0.00000000  0.00000000
   0.75000000  0.75000000  0.75000000
unknown system
           1
     0.000000    3.178284    3.178284
     3.178284    0.000000    3.178284
     3.178284    3.178284    0.000000
   Hf   Pt   Sb
   1   1   1
Direct configuration=     4
   0.25000000  0.25000000  0.25000000
   0.00000000  0.00000000  0.00000000
   0.75000000  0.75000000  0.75000000
