unknown system
           1
     0.000000    3.178284    3.178284
     3.178284    0.000000    3.178284
     3.178284    3.178284    0.000000
   Hf   Sb   Pt
   1   1   1
Direct configuration=     1
   0.75000000  0.75000000  0.75000000
   0.25000000  0.25000000  0.25000000
   0.00000000  0.00000000  0.00000000
unknown system
           1
     0.000000    3.178284    3.178284
     3.241850    0.000000    3.178284
     3.241850    3.178284    0.000000
   Hf   Sb   Pt
   1   1   1
Direct configuration=     2
   0.75000000  0.75000000  0.75000000
   0.25000000  0.25000000  0.25000000
   0.00000000  0.00000000  0.00000000
unknown system
           1
     0.000000    3.178284    3.178284
     3.210067    0.000000    3.178284
     3.210067    3.178284    0.000000
   Hf   Sb   Pt
   1   1   1
Direct configuration=     3
   0.75000000  0.75000000  0.75000000
   0.25000000  0.25000000  0.25000000
   0.00000000  0.00000000  0.00000000
unknown system
           1
     0.000000    3.178284    3.178284
     3.146501    0.000000    3.178284
     3.146501    3.178284    0.000000
   Hf   Sb   Pt
   1   1   1
Direct configuration=     4
   0.75000000  0.75000000  0.75000000
   0.25000000  0.25000000  0.25000000
   0.00000000  0.00000000  0.00000000
unknown system
           1
     0.000000    3.178284    3.178284
     3.114718    0.000000    3.178284
     3.114718    3.178284    0.000000
   Hf   Sb   Pt
   1   1   1
Direct configuration=     5
   0.75000000  0.75000000  0.75000000
   0.25000000  0.25000000  0.25000000
   0.00000000  0.00000000  0.00000000
unknown system
           1
     0.000000    3.241850    3.178284
     3.178284    0.000000    3.178284
     3.178284    3.241850    0.000000
   Hf   Sb   Pt
   1   1   1
Direct configuration=     6
   0.75000000  0.75000000  0.75000000
   0.25000000  0.25000000  0.25000000
   0.00000000  0.00000000  0.00000000
unknown system
           1
     0.000000    3.210067    3.178284
     3.178284    0.000000    3.178284
     3.178284    3.210067    0.000000
   Hf   Sb   Pt
   1   1   1
Direct configuration=     7
   0.75000000  0.75000000  0.75000000
   0.25000000  0.25000000  0.25000000
   0.00000000  0.00000000  0.00000000
unknown system
           1
     0.000000    3.146501    3.178284
     3.178284    0.000000    3.178284
     3.178284    3.146501    0.000000
   Hf   Sb   Pt
   1   1   1
Direct configuration=     8
   0.75000000  0.75000000  0.75000000
   0.25000000  0.25000000  0.25000000
   0.00000000  0.00000000  0.00000000
unknown system
           1
     0.000000    3.114718    3.178284
     3.178284    0.000000    3.178284
     3.178284    3.114718    0.000000
   Hf   Sb   Pt
   1   1   1
Direct configuration=     9
   0.75000000  0.75000000  0.75000000
   0.25000000  0.25000000  0.25000000
   0.00000000  0.00000000  0.00000000
unknown system
           1
     0.000000    3.178284    3.241850
     3.178284    0.000000    3.241850
     3.178284    3.178284    0.000000
   Hf   Sb   Pt
   1   1   1
Direct configuration=    10
   0.75000000  0.75000000  0.75000000
   0.25000000  0.25000000  0.25000000
   0.00000000  0.00000000  0.00000000
unknown system
           1
     0.000000    3.178284    3.210067
     3.178284    0.000000    3.210067
     3.178284    3.178284    0.000000
   Hf   Sb   Pt
   1   1   1
Direct configuration=    11
   0.75000000  0.75000000  0.75000000
   0.25000000  0.25000000  0.25000000
   0.00000000  0.00000000  0.00000000
unknown system
           1
     0.000000    3.178284    3.146501
     3.178284    0.000000    3.146501
     3.178284    3.178284    0.000000
   Hf   Sb   Pt
   1   1   1
Direct configuration=    12
   0.75000000  0.75000000  0.75000000
   0.25000000  0.25000000  0.25000000
   0.00000000  0.00000000  0.00000000
unknown system
           1
     0.000000    3.178284    3.114718
     3.178284    0.000000    3.114718
     3.178284    3.178284    0.000000
   Hf   Sb   Pt
   1   1   1
Direct configuration=    13
   0.75000000  0.75000000  0.75000000
   0.25000000  0.25000000  0.25000000
   0.00000000  0.00000000  0.00000000
unknown system
           1
     0.000000    3.178284    3.178284
     3.178284    0.063566    3.178284
     3.178284    3.241850    0.000000
   Hf   Sb   Pt
   1   1   1
Direct configuration=    14
   0.75000000  0.75000000  0.75000000
   0.25000000  0.25000000  0.25000000
   0.00000000  0.00000000  0.00000000
unknown system
           1
     0.000000    3.178284    3.178284
     3.178284    0.031783    3.178284
     3.178284    3.210067    0.000000
   Hf   Sb   Pt
   1   1   1
Direct configuration=    15
   0.75000000  0.75000000  0.75000000
   0.25000000  0.25000000  0.25000000
   0.00000000  0.00000000  0.00000000
unknown system
           1
     0.000000    3.178284    3.178284
     3.178284   -0.031783    3.178284
     3.178284    3.146501    0.000000
   Hf   Sb   Pt
   1   1   1
Direct configuration=    16
   0.75000000  0.75000000  0.75000000
   0.25000000  0.25000000  0.25000000
   0.00000000  0.00000000  0.00000000
unknown system
           1
     0.000000    3.178284    3.178284
     3.178284   -0.063566    3.178284
     3.178284    3.114718    0.000000
   Hf   Sb   Pt
   1   1   1
Direct configuration=    17
   0.75000000  0.75000000  0.75000000
   0.25000000  0.25000000  0.25000000
   0.00000000  0.00000000  0.00000000
unknown system
           1
     0.000000    3.178284    3.241850
     3.178284    0.000000    3.178284
     3.178284    3.178284    0.063566
   Hf   Sb   Pt
   1   1   1
Direct configuration=    18
   0.75000000  0.75000000  0.75000000
   0.25000000  0.25000000  0.25000000
   0.00000000  0.00000000  0.00000000
unknown system
           1
     0.000000    3.178284    3.210067
     3.178284    0.000000    3.178284
     3.178284    3.178284    0.031783
   Hf   Sb   Pt
   1   1   1
Direct configuration=    19
   0.75000000  0.75000000  0.75000000
   0.25000000  0.25000000  0.25000000
   0.00000000  0.00000000  0.00000000
unknown system
           1
     0.000000    3.178284    3.146501
     3.178284    0.000000    3.178284
     3.178284    3.178284   -0.031783
   Hf   Sb   Pt
   1   1   1
Direct configuration=    20
   0.75000000  0.75000000  0.75000000
   0.25000000  0.25000000  0.25000000
   0.00000000  0.00000000  0.00000000
unknown system
           1
     0.000000    3.178284    3.114718
     3.178284    0.000000    3.178284
     3.178284    3.178284   -0.063566
   Hf   Sb   Pt
   1   1   1
Direct configuration=    21
   0.75000000  0.75000000  0.75000000
   0.25000000  0.25000000  0.25000000
   0.00000000  0.00000000  0.00000000
unknown system
           1
     0.063566    3.178284    3.178284
     3.241850    0.000000    3.178284
     3.178284    3.178284    0.000000
   Hf   Sb   Pt
   1   1   1
Direct configuration=    22
   0.75000000  0.75000000  0.75000000
   0.25000000  0.25000000  0.25000000
   0.00000000  0.00000000  0.00000000
unknown system
           1
     0.031783    3.178284    3.178284
     3.210067    0.000000    3.178284
     3.178284    3.178284    0.000000
   Hf   Sb   Pt
   1   1   1
Direct configuration=    23
   0.75000000  0.75000000  0.75000000
   0.25000000  0.25000000  0.25000000
   0.00000000  0.00000000  0.00000000
unknown system
           1
    -0.031783    3.178284    3.178284
     3.146501    0.000000    3.178284
     3.178284    3.178284    0.000000
   Hf   Sb   Pt
   1   1   1
Direct configuration=    24
   0.75000000  0.75000000  0.75000000
   0.25000000  0.25000000  0.25000000
   0.00000000  0.00000000  0.00000000
unknown system
           1
    -0.063566    3.178284    3.178284
     3.114718    0.000000    3.178284
     3.178284    3.178284    0.000000
   Hf   Sb   Pt
   1   1   1
Direct configuration=    25
   0.75000000  0.75000000  0.75000000
   0.25000000  0.25000000  0.25000000
   0.00000000  0.00000000  0.00000000
unknown system
           1
     0.000000    3.178284    3.178284
     3.178284    0.000000    3.178284
     3.178284    3.178284    0.000000
   Hf   Sb   Pt
   1   1   1
Direct configuration=    26
   0.74685365  0.75314635  0.75314635
   0.25000000  0.25000000  0.25000000
   0.00000000  0.00000000  0.00000000
unknown system
           1
     0.000000    3.178284    3.178284
     3.178284    0.000000    3.178284
     3.178284    3.178284    0.000000
   Hf   Sb   Pt
   1   1   1
Direct configuration=    27
   0.74842682  0.75157318  0.75157318
   0.25000000  0.25000000  0.25000000
   0.00000000  0.00000000  0.00000000
unknown system
           1
     0.000000    3.178284    3.178284
     3.178284    0.000000    3.178284
     3.178284    3.178284    0.000000
   Hf   Sb   Pt
   1   1   1
Direct configuration=    28
   0.75157318  0.74842682  0.74842682
   0.25000000  0.25000000  0.25000000
   0.00000000  0.00000000  0.00000000
unknown system
           1
     0.000000    3.178284    3.178284
     3.178284    0.000000    3.178284
     3.178284    3.178284    0.000000
   Hf   Sb   Pt
   1   1   1
Direct configuration=    29
   0.75314635  0.74685365  0.74685365
   0.25000000  0.25000000  0.25000000
   0.00000000  0.00000000  0.00000000
unknown system
           1
     0.000000    3.178284    3.178284
     3.178284    0.000000    3.178284
     3.178284    3.178284    0.000000
   Hf   Sb   Pt
   1   1   1
Direct configuration=    30
   0.75000000  0.75000000  0.75000000
   0.24685365  0.25314635  0.25314635
   0.00000000  0.00000000  0.00000000
unknown system
           1
     0.000000    3.178284    3.178284
     3.178284    0.000000    3.178284
     3.178284    3.178284    0.000000
   Hf   Sb   Pt
   1   1   1
Direct configuration=    31
   0.75000000  0.75000000  0.75000000
   0.24842682  0.25157318  0.25157318
   0.00000000  0.00000000  0.00000000
unknown system
           1
     0.000000    3.178284    3.178284
     3.178284    0.000000    3.178284
     3.178284    3.178284    0.000000
   Hf   Sb   Pt
   1   1   1
Direct configuration=    32
   0.75000000  0.75000000  0.75000000
   0.25157318  0.24842682  0.24842682
   0.00000000  0.00000000  0.00000000
unknown system
           1
     0.000000    3.178284    3.178284
     3.178284    0.000000    3.178284
     3.178284    3.178284    0.000000
   Hf   Sb   Pt
   1   1   1
Direct configuration=    33
   0.75000000  0.75000000  0.75000000
   0.25314635  0.24685365  0.24685365
   0.00000000  0.00000000  0.00000000
unknown system
           1
     0.000000    3.178284    3.178284
     3.178284    0.000000    3.178284
     3.178284    3.178284    0.000000
   Hf   Sb   Pt
   1   1   1
Direct configuration=    34
   0.75000000  0.75000000  0.75000000
   0.25000000  0.25000000  0.25000000
  -0.00314635  0.00314635  0.00314635
unknown system
           1
     0.000000    3.178284    3.178284
     3.178284    0.000000    3.178284
     3.178284    3.178284    0.000000
   Hf   Sb   Pt
   1   1   1
Direct configuration=    35
   0.75000000  0.75000000  0.75000000
   0.25000000  0.25000000  0.25000000
  -0.00157318  0.00157318  0.00157318
unknown system
           1
     0.000000    3.178284    3.178284
     3.178284    0.000000    3.178284
     3.178284    3.178284    0.000000
   Hf   Sb   Pt
   1   1   1
Direct configuration=    36
   0.75000000  0.75000000  0.75000000
   0.25000000  0.25000000  0.25000000
   0.00157318 -0.00157318 -0.00157318
unknown system
           1
     0.000000    3.178284    3.178284
     3.178284    0.000000    3.178284
     3.178284    3.178284    0.000000
   Hf   Sb   Pt
   1   1   1
Direct configuration=    37
   0.75000000  0.75000000  0.75000000
   0.25000000  0.25000000  0.25000000
   0.00314635 -0.00314635 -0.00314635
