unknown system
           1
     0.000000    3.424859    3.424859
     3.424859    0.000000    3.424859
     3.424859    3.424859    0.000000
   Th   Bi   Pt
   1   1   1
Direct configuration=     1
   0.25000000  0.25000000  0.25000000
   0.75000000  0.75000000  0.75000000
   0.00000000  0.00000000  0.00000000
unknown system
           1
     0.000000    3.424859    3.424859
     3.493356    0.000000    3.424859
     3.493356    3.424859    0.000000
   Th   Bi   Pt
   1   1   1
Direct configuration=     2
   0.25000000  0.25000000  0.25000000
   0.75000000  0.75000000  0.75000000
   0.00000000  0.00000000  0.00000000
unknown system
           1
     0.000000    3.424859    3.424859
     3.459108    0.000000    3.424859
     3.459108    3.424859    0.000000
   Th   Bi   Pt
   1   1   1
Direct configuration=     3
   0.25000000  0.25000000  0.25000000
   0.75000000  0.75000000  0.75000000
   0.00000000  0.00000000  0.00000000
unknown system
           1
     0.000000    3.424859    3.424859
     3.390610    0.000000    3.424859
     3.390610    3.424859    0.000000
   Th   Bi   Pt
   1   1   1
Direct configuration=     4
   0.25000000  0.25000000  0.25000000
   0.75000000  0.75000000  0.75000000
   0.00000000  0.00000000  0.00000000
unknown system
           1
     0.000000    3.424859    3.424859
     3.356362    0.000000    3.424859
     3.356362    3.424859    0.000000
   Th   Bi   Pt
   1   1   1
Direct configuration=     5
   0.25000000  0.25000000  0.25000000
   0.75000000  0.75000000  0.75000000
   0.00000000  0.00000000  0.00000000
unknown system
           1
     0.000000    3.493356    3.424859
     3.424859    0.000000    3.424859
     3.424859    3.493356    0.000000
   Th   Bi   Pt
   1   1   1
Direct configuration=     6
   0.25000000  0.25000000  0.25000000
   0.75000000  0.75000000  0.75000000
   0.00000000  0.00000000  0.00000000
unknown system
           1
     0.000000    3.459108    3.424859
     3.424859    0.000000    3.424859
     3.424859    3.459108    0.000000
   Th   Bi   Pt
   1   1   1
Direct configuration=     7
   0.25000000  0.25000000  0.25000000
   0.75000000  0.75000000  0.75000000
   0.00000000  0.00000000  0.00000000
unknown system
           1
     0.000000    3.390610    3.424859
     3.424859    0.000000    3.424859
     3.424859    3.390610    0.000000
   Th   Bi   Pt
   1   1   1
Direct configuration=     8
   0.25000000  0.25000000  0.25000000
   0.75000000  0.75000000  0.75000000
   0.00000000  0.00000000  0.00000000
unknown system
           1
     0.000000    3.356362    3.424859
     3.424859    0.000000    3.424859
     3.424859    3.356362    0.000000
   Th   Bi   Pt
   1   1   1
Direct configuration=     9
   0.25000000  0.25000000  0.25000000
   0.75000000  0.75000000  0.75000000
   0.00000000  0.00000000  0.00000000
unknown system
           1
     0.000000    3.424859    3.493356
     3.424859    0.000000    3.493356
     3.424859    3.424859    0.000000
   Th   Bi   Pt
   1   1   1
Direct configuration=    10
   0.25000000  0.25000000  0.25000000
   0.75000000  0.75000000  0.75000000
   0.00000000  0.00000000  0.00000000
unknown system
           1
     0.000000    3.424859    3.459108
     3.424859    0.000000    3.459108
     3.424859    3.424859    0.000000
   Th   Bi   Pt
   1   1   1
Direct configuration=    11
   0.25000000  0.25000000  0.25000000
   0.75000000  0.75000000  0.75000000
   0.00000000  0.00000000  0.00000000
unknown system
           1
     0.000000    3.424859    3.390610
     3.424859    0.000000    3.390610
     3.424859    3.424859    0.000000
   Th   Bi   Pt
   1   1   1
Direct configuration=    12
   0.25000000  0.25000000  0.25000000
   0.75000000  0.75000000  0.75000000
   0.00000000  0.00000000  0.00000000
unknown system
           1
     0.000000    3.424859    3.356362
     3.424859    0.000000    3.356362
     3.424859    3.424859    0.000000
   Th   Bi   Pt
   1   1   1
Direct configuration=    13
   0.25000000  0.25000000  0.25000000
   0.75000000  0.75000000  0.75000000
   0.00000000  0.00000000  0.00000000
unknown system
           1
     0.000000    3.424859    3.424859
     3.424859    0.068497    3.424859
     3.424859    3.493356    0.000000
   Th   Bi   Pt
   1   1   1
Direct configuration=    14
   0.25000000  0.25000000  0.25000000
   0.75000000  0.75000000  0.75000000
   0.00000000  0.00000000  0.00000000
unknown system
           1
     0.000000    3.424859    3.424859
     3.424859    0.034249    3.424859
     3.424859    3.459108    0.000000
   Th   Bi   Pt
   1   1   1
Direct configuration=    15
   0.25000000  0.25000000  0.25000000
   0.75000000  0.75000000  0.75000000
   0.00000000  0.00000000  0.00000000
unknown system
           1
     0.000000    3.424859    3.424859
     3.424859   -0.034249    3.424859
     3.424859    3.390610    0.000000
   Th   Bi   Pt
   1   1   1
Direct configuration=    16
   0.25000000  0.25000000  0.25000000
   0.75000000  0.75000000  0.75000000
   0.00000000  0.00000000  0.00000000
unknown system
           1
     0.000000    3.424859    3.424859
     3.424859   -0.068497    3.424859
     3.424859    3.356362    0.000000
   Th   Bi   Pt
   1   1   1
Direct configuration=    17
   0.25000000  0.25000000  0.25000000
   0.75000000  0.75000000  0.75000000
   0.00000000  0.00000000  0.00000000
unknown system
           1
     0.000000    3.424859    3.493356
     3.424859    0.000000    3.424859
     3.424859    3.424859    0.068497
   Th   Bi   Pt
   1   1   1
Direct configuration=    18
   0.25000000  0.25000000  0.25000000
   0.75000000  0.75000000  0.75000000
   0.00000000  0.00000000  0.00000000
unknown system
           1
     0.000000    3.424859    3.459108
     3.424859    0.000000    3.424859
     3.424859    3.424859    0.034249
   Th   Bi   Pt
   1   1   1
Direct configuration=    19
   0.25000000  0.25000000  0.25000000
   0.75000000  0.75000000  0.75000000
   0.00000000  0.00000000  0.00000000
unknown system
           1
     0.000000    3.424859    3.390610
     3.424859    0.000000    3.424859
     3.424859    3.424859   -0.034249
   Th   Bi   Pt
   1   1   1
Direct configuration=    20
   0.25000000  0.25000000  0.25000000
   0.75000000  0.75000000  0.75000000
   0.00000000  0.00000000  0.00000000
unknown system
           1
     0.000000    3.424859    3.356362
     3.424859    0.000000    3.424859
     3.424859    3.424859   -0.068497
   Th   Bi   Pt
   1   1   1
Direct configuration=    21
   0.25000000  0.25000000  0.25000000
   0.75000000  0.75000000  0.75000000
   0.00000000  0.00000000  0.00000000
unknown system
           1
     0.068497    3.424859    3.424859
     3.493356    0.000000    3.424859
     3.424859    3.424859    0.000000
   Th   Bi   Pt
   1   1   1
Direct configuration=    22
   0.25000000  0.25000000  0.25000000
   0.75000000  0.75000000  0.75000000
   0.00000000  0.00000000  0.00000000
unknown system
           1
     0.034249    3.424859    3.424859
     3.459108    0.000000    3.424859
     3.424859    3.424859    0.000000
   Th   Bi   Pt
   1   1   1
Direct configuration=    23
   0.25000000  0.25000000  0.25000000
   0.75000000  0.75000000  0.75000000
   0.00000000  0.00000000  0.00000000
unknown system
           1
    -0.034249    3.424859    3.424859
     3.390610    0.000000    3.424859
     3.424859    3.424859    0.000000
   Th   Bi   Pt
   1   1   1
Direct configuration=    24
   0.25000000  0.25000000  0.25000000
   0.75000000  0.75000000  0.75000000
   0.00000000  0.00000000  0.00000000
unknown system
           1
    -0.068497    3.424859    3.424859
     3.356362    0.000000    3.424859
     3.424859    3.424859    0.000000
   Th   Bi   Pt
   1   1   1
Direct configuration=    25
   0.25000000  0.25000000  0.25000000
   0.75000000  0.75000000  0.75000000
   0.00000000  0.00000000  0.00000000
unknown system
           1
     0.000000    3.424859    3.424859
     3.424859    0.000000    3.424859
     3.424859    3.424859    0.000000
   Th   Bi   Pt
   1   1   1
Direct configuration=    26
   0.24708017  0.25291983  0.25291983
   0.75000000  0.75000000  0.75000000
   0.00000000  0.00000000  0.00000000
unknown system
           1
     0.000000    3.424859    3.424859
     3.424859    0.000000    3.424859
     3.424859    3.424859    0.000000
   Th   Bi   Pt
   1   1   1
Direct configuration=    27
   0.24854009  0.25145991  0.25145991
   0.75000000  0.75000000  0.75000000
   0.00000000  0.00000000  0.00000000
unknown system
           1
     0.000000    3.424859    3.424859
     3.424859    0.000000    3.424859
     3.424859    3.424859    0.000000
   Th   Bi   Pt
   1   1   1
Direct configuration=    28
   0.25145991  0.24854009  0.24854009
   0.75000000  0.75000000  0.75000000
   0.00000000  0.00000000  0.00000000
unknown system
           1
     0.000000    3.424859    3.424859
     3.424859    0.000000    3.424859
     3.424859    3.424859    0.000000
   Th   Bi   Pt
   1   1   1
Direct configuration=    29
   0.25291983  0.24708017  0.24708017
   0.75000000  0.75000000  0.75000000
   0.00000000  0.00000000  0.00000000
unknown system
           1
     0.000000    3.424859    3.424859
     3.424859    0.000000    3.424859
     3.424859    3.424859    0.000000
   Th   Bi   Pt
   1   1   1
Direct configuration=    30
   0.25000000  0.25000000  0.25000000
   0.74708017  0.75291983  0.75291983
   0.00000000  0.00000000  0.00000000
unknown system
           1
     0.000000    3.424859    3.424859
     3.424859    0.000000    3.424859
     3.424859    3.424859    0.000000
   Th   Bi   Pt
   1   1   1
Direct configuration=    31
   0.25000000  0.25000000  0.25000000
   0.74854009  0.75145991  0.75145991
   0.00000000  0.00000000  0.00000000
unknown system
           1
     0.000000    3.424859    3.424859
     3.424859    0.000000    3.424859
     3.424859    3.424859    0.000000
   Th   Bi   Pt
   1   1   1
Direct configuration=    32
   0.25000000  0.25000000  0.25000000
   0.75145991  0.74854009  0.74854009
   0.00000000  0.00000000  0.00000000
unknown system
           1
     0.000000    3.424859    3.424859
     3.424859    0.000000    3.424859
     3.424859    3.424859    0.000000
   Th   Bi   Pt
   1   1   1
Direct configuration=    33
   0.25000000  0.25000000  0.25000000
   0.75291983  0.74708017  0.74708017
   0.00000000  0.00000000  0.00000000
unknown system
           1
     0.000000    3.424859    3.424859
     3.424859    0.000000    3.424859
     3.424859    3.424859    0.000000
   Th   Bi   Pt
   1   1   1
Direct configuration=    34
   0.25000000  0.25000000  0.25000000
   0.75000000  0.75000000  0.75000000
  -0.00291983  0.00291983  0.00291983
unknown system
           1
     0.000000    3.424859    3.424859
     3.424859    0.000000    3.424859
     3.424859    3.424859    0.000000
   Th   Bi   Pt
   1   1   1
Direct configuration=    35
   0.25000000  0.25000000  0.25000000
   0.75000000  0.75000000  0.75000000
  -0.00145991  0.00145991  0.00145991
unknown system
           1
     0.000000    3.424859    3.424859
     3.424859    0.000000    3.424859
     3.424859    3.424859    0.000000
   Th   Bi   Pt
   1   1   1
Direct configuration=    36
   0.25000000  0.25000000  0.25000000
   0.75000000  0.75000000  0.75000000
   0.00145991 -0.00145991 -0.00145991
unknown system
           1
     0.000000    3.424859    3.424859
     3.424859    0.000000    3.424859
     3.424859    3.424859    0.000000
   Th   Bi   Pt
   1   1   1
Direct configuration=    37
   0.25000000  0.25000000  0.25000000
   0.75000000  0.75000000  0.75000000
   0.00291983 -0.00291983 -0.00291983
