unknown system
           1
     0.000000    3.469482    3.469482
     3.469482    0.000000    3.469482
     3.469482    3.469482    0.000000
   Bi   Pt   Th
   1   1   1
Direct configuration=     1
   0.25000000  0.25000000  0.25000000
   0.00000000  0.00000000  0.00000000
   0.75000000  0.75000000  0.75000000
unknown system
           1
     0.000000    3.447413    3.447413
     3.447413    0.000000    3.447413
     3.447413    3.447413    0.000000
   Bi   Pt   Th
   1   1   1
Direct configuration=     2
   0.25000000  0.25000000  0.25000000
   0.00000000  0.00000000  0.00000000
   0.75000000  0.75000000  0.75000000
unknown system
           1
     0.000000    3.414711    3.414711
     3.414711    0.000000    3.414711
     3.414711    3.414711    0.000000
   Bi   Pt   Th
   1   1   1
Direct configuration=     3
   0.25000000  0.25000000  0.25000000
   0.00000000  0.00000000  0.00000000
   0.75000000  0.75000000  0.75000000
unknown system
           1
     0.000000    3.424176    3.424176
     3.424176    0.000000    3.424176
     3.424176    3.424176    0.000000
   Bi   Pt   Th
   1   1   1
Direct configuration=     4
   0.25000000  0.25000000  0.25000000
   0.00000000  0.00000000  0.00000000
   0.75000000  0.75000000  0.75000000
