unknown system
           1
     0.000000    3.401480    3.401480
     3.401480    0.000000    3.401480
     3.401480    3.401480    0.000000
   Bi   Pt   U
   1   1   1
Direct configuration=     1
   0.25000000  0.25000000  0.25000000
   0.00000000  0.00000000  0.00000000
   0.75000000  0.75000000  0.75000000
unknown system
           1
     0.000000    3.360914    3.360914
     3.360914    0.000000    3.360914
     3.360914    3.360914    0.000000
   Bi   Pt   U
   1   1   1
Direct configuration=     2
   0.25000000  0.25000000  0.25000000
   0.00000000  0.00000000  0.00000000
   0.75000000  0.75000000  0.75000000
unknown system
           1
     0.000000    3.319789    3.319789
     3.319789    0.000000    3.319789
     3.319789    3.319789    0.000000
   Bi   Pt   U
   1   1   1
Direct configuration=     3
   0.25000000  0.25000000  0.25000000
   0.00000000  0.00000000  0.00000000
   0.75000000  0.75000000  0.75000000
unknown system
           1
     0.000000    3.317641    3.317641
     3.317641    0.000000    3.317641
     3.317641    3.317641    0.000000
   Bi   Pt   U
   1   1   1
Direct configuration=     4
   0.25000000  0.25000000  0.25000000
   0.00000000  0.00000000  0.00000000
   0.75000000  0.75000000  0.75000000
