unknown system
           1
     0.000000    3.317641    3.317641
     3.317641    0.000000    3.317641
     3.317641    3.317641    0.000000
   U    Bi   Pt
   1   1   1
Direct configuration=     1
   0.25000000  0.25000000  0.25000000
   0.75000000  0.75000000  0.75000000
   0.00000000  0.00000000  0.00000000
unknown system
           1
     0.000000    3.317641    3.317641
     3.383994    0.000000    3.317641
     3.383994    3.317641    0.000000
   U    Bi   Pt
   1   1   1
Direct configuration=     2
   0.25000000  0.25000000  0.25000000
   0.75000000  0.75000000  0.75000000
   0.00000000  0.00000000  0.00000000
unknown system
           1
     0.000000    3.317641    3.317641
     3.350817    0.000000    3.317641
     3.350817    3.317641    0.000000
   U    Bi   Pt
   1   1   1
Direct configuration=     3
   0.25000000  0.25000000  0.25000000
   0.75000000  0.75000000  0.75000000
   0.00000000  0.00000000  0.00000000
unknown system
           1
     0.000000    3.317641    3.317641
     3.284465    0.000000    3.317641
     3.284465    3.317641    0.000000
   U    Bi   Pt
   1   1   1
Direct configuration=     4
   0.25000000  0.25000000  0.25000000
   0.75000000  0.75000000  0.75000000
   0.00000000  0.00000000  0.00000000
unknown system
           1
     0.000000    3.317641    3.317641
     3.251288    0.000000    3.317641
     3.251288    3.317641    0.000000
   U    Bi   Pt
   1   1   1
Direct configuration=     5
   0.25000000  0.25000000  0.25000000
   0.75000000  0.75000000  0.75000000
   0.00000000  0.00000000  0.00000000
unknown system
           1
     0.000000    3.383994    3.317641
     3.317641    0.000000    3.317641
     3.317641    3.383994    0.000000
   U    Bi   Pt
   1   1   1
Direct configuration=     6
   0.25000000  0.25000000  0.25000000
   0.75000000  0.75000000  0.75000000
   0.00000000  0.00000000  0.00000000
unknown system
           1
     0.000000    3.350817    3.317641
     3.317641    0.000000    3.317641
     3.317641    3.350817    0.000000
   U    Bi   Pt
   1   1   1
Direct configuration=     7
   0.25000000  0.25000000  0.25000000
   0.75000000  0.75000000  0.75000000
   0.00000000  0.00000000  0.00000000
unknown system
           1
     0.000000    3.284465    3.317641
     3.317641    0.000000    3.317641
     3.317641    3.284465    0.000000
   U    Bi   Pt
   1   1   1
Direct configuration=     8
   0.25000000  0.25000000  0.25000000
   0.75000000  0.75000000  0.75000000
   0.00000000  0.00000000  0.00000000
unknown system
           1
     0.000000    3.251288    3.317641
     3.317641    0.000000    3.317641
     3.317641    3.251288    0.000000
   U    Bi   Pt
   1   1   1
Direct configuration=     9
   0.25000000  0.25000000  0.25000000
   0.75000000  0.75000000  0.75000000
   0.00000000  0.00000000  0.00000000
unknown system
           1
     0.000000    3.317641    3.383994
     3.317641    0.000000    3.383994
     3.317641    3.317641    0.000000
   U    Bi   Pt
   1   1   1
Direct configuration=    10
   0.25000000  0.25000000  0.25000000
   0.75000000  0.75000000  0.75000000
   0.00000000  0.00000000  0.00000000
unknown system
           1
     0.000000    3.317641    3.350817
     3.317641    0.000000    3.350817
     3.317641    3.317641    0.000000
   U    Bi   Pt
   1   1   1
Direct configuration=    11
   0.25000000  0.25000000  0.25000000
   0.75000000  0.75000000  0.75000000
   0.00000000  0.00000000  0.00000000
unknown system
           1
     0.000000    3.317641    3.284465
     3.317641    0.000000    3.284465
     3.317641    3.317641    0.000000
   U    Bi   Pt
   1   1   1
Direct configuration=    12
   0.25000000  0.25000000  0.25000000
   0.75000000  0.75000000  0.75000000
   0.00000000  0.00000000  0.00000000
unknown system
           1
     0.000000    3.317641    3.251288
     3.317641    0.000000    3.251288
     3.317641    3.317641    0.000000
   U    Bi   Pt
   1   1   1
Direct configuration=    13
   0.25000000  0.25000000  0.25000000
   0.75000000  0.75000000  0.75000000
   0.00000000  0.00000000  0.00000000
unknown system
           1
     0.000000    3.317641    3.317641
     3.317641    0.066353    3.317641
     3.317641    3.383994    0.000000
   U    Bi   Pt
   1   1   1
Direct configuration=    14
   0.25000000  0.25000000  0.25000000
   0.75000000  0.75000000  0.75000000
   0.00000000  0.00000000  0.00000000
unknown system
           1
     0.000000    3.317641    3.317641
     3.317641    0.033176    3.317641
     3.317641    3.350817    0.000000
   U    Bi   Pt
   1   1   1
Direct configuration=    15
   0.25000000  0.25000000  0.25000000
   0.75000000  0.75000000  0.75000000
   0.00000000  0.00000000  0.00000000
unknown system
           1
     0.000000    3.317641    3.317641
     3.317641   -0.033176    3.317641
     3.317641    3.284465    0.000000
   U    Bi   Pt
   1   1   1
Direct configuration=    16
   0.25000000  0.25000000  0.25000000
   0.75000000  0.75000000  0.75000000
   0.00000000  0.00000000  0.00000000
unknown system
           1
     0.000000    3.317641    3.317641
     3.317641   -0.066353    3.317641
     3.317641    3.251288    0.000000
   U    Bi   Pt
   1   1   1
Direct configuration=    17
   0.25000000  0.25000000  0.25000000
   0.75000000  0.75000000  0.75000000
   0.00000000  0.00000000  0.00000000
unknown system
           1
     0.000000    3.317641    3.383994
     3.317641    0.000000    3.317641
     3.317641    3.317641    0.066353
   U    Bi   Pt
   1   1   1
Direct configuration=    18
   0.25000000  0.25000000  0.25000000
   0.75000000  0.75000000  0.75000000
   0.00000000  0.00000000  0.00000000
unknown system
           1
     0.000000    3.317641    3.350817
     3.317641    0.000000    3.317641
     3.317641    3.317641    0.033176
   U    Bi   Pt
   1   1   1
Direct configuration=    19
   0.25000000  0.25000000  0.25000000
   0.75000000  0.75000000  0.75000000
   0.00000000  0.00000000  0.00000000
unknown system
           1
     0.000000    3.317641    3.284465
     3.317641    0.000000    3.317641
     3.317641    3.317641   -0.033176
   U    Bi   Pt
   1   1   1
Direct configuration=    20
   0.25000000  0.25000000  0.25000000
   0.75000000  0.75000000  0.75000000
   0.00000000  0.00000000  0.00000000
unknown system
           1
     0.000000    3.317641    3.251288
     3.317641    0.000000    3.317641
     3.317641    3.317641   -0.066353
   U    Bi   Pt
   1   1   1
Direct configuration=    21
   0.25000000  0.25000000  0.25000000
   0.75000000  0.75000000  0.75000000
   0.00000000  0.00000000  0.00000000
unknown system
           1
     0.066353    3.317641    3.317641
     3.383994    0.000000    3.317641
     3.317641    3.317641    0.000000
   U    Bi   Pt
   1   1   1
Direct configuration=    22
   0.25000000  0.25000000  0.25000000
   0.75000000  0.75000000  0.75000000
   0.00000000  0.00000000  0.00000000
unknown system
           1
     0.033176    3.317641    3.317641
     3.350817    0.000000    3.317641
     3.317641    3.317641    0.000000
   U    Bi   Pt
   1   1   1
Direct configuration=    23
   0.25000000  0.25000000  0.25000000
   0.75000000  0.75000000  0.75000000
   0.00000000  0.00000000  0.00000000
unknown system
           1
    -0.033176    3.317641    3.317641
     3.284465    0.000000    3.317641
     3.317641    3.317641    0.000000
   U    Bi   Pt
   1   1   1
Direct configuration=    24
   0.25000000  0.25000000  0.25000000
   0.75000000  0.75000000  0.75000000
   0.00000000  0.00000000  0.00000000
unknown system
           1
    -0.066353    3.317641    3.317641
     3.251288    0.000000    3.317641
     3.317641    3.317641    0.000000
   U    Bi   Pt
   1   1   1
Direct configuration=    25
   0.25000000  0.25000000  0.25000000
   0.75000000  0.75000000  0.75000000
   0.00000000  0.00000000  0.00000000
unknown system
           1
     0.000000    3.317641    3.317641
     3.317641    0.000000    3.317641
     3.317641    3.317641    0.000000
   U    Bi   Pt
   1   1   1
Direct configuration=    26
   0.24698581  0.25301419  0.25301419
   0.75000000  0.75000000  0.75000000
   0.00000000  0.00000000  0.00000000
unknown system
           1
     0.000000    3.317641    3.317641
     3.317641    0.000000    3.317641
     3.317641    3.317641    0.000000
   U    Bi   Pt
   1   1   1
Direct configuration=    27
   0.24849291  0.25150709  0.25150709
   0.75000000  0.75000000  0.75000000
   0.00000000  0.00000000  0.00000000
unknown system
           1
     0.000000    3.317641    3.317641
     3.317641    0.000000    3.317641
     3.317641    3.317641    0.000000
   U    Bi   Pt
   1   1   1
Direct configuration=    28
   0.25150709  0.24849291  0.24849291
   0.75000000  0.75000000  0.75000000
   0.00000000  0.00000000  0.00000000
unknown system
           1
     0.000000    3.317641    3.317641
     3.317641    0.000000    3.317641
     3.317641    3.317641    0.000000
   U    Bi   Pt
   1   1   1
Direct configuration=    29
   0.25301419  0.24698581  0.24698581
   0.75000000  0.75000000  0.75000000
   0.00000000  0.00000000  0.00000000
unknown system
           1
     0.000000    3.317641    3.317641
     3.317641    0.000000    3.317641
     3.317641    3.317641    0.000000
   U    Bi   Pt
   1   1   1
Direct configuration=    30
   0.25000000  0.25000000  0.25000000
   0.74698581  0.75301419  0.75301419
   0.00000000  0.00000000  0.00000000
unknown system
           1
     0.000000    3.317641    3.317641
     3.317641    0.000000    3.317641
     3.317641    3.317641    0.000000
   U    Bi   Pt
   1   1   1
Direct configuration=    31
   0.25000000  0.25000000  0.25000000
   0.74849291  0.75150709  0.75150709
   0.00000000  0.00000000  0.00000000
unknown system
           1
     0.000000    3.317641    3.317641
     3.317641    0.000000    3.317641
     3.317641    3.317641    0.000000
   U    Bi   Pt
   1   1   1
Direct configuration=    32
   0.25000000  0.25000000  0.25000000
   0.75150709  0.74849291  0.74849291
   0.00000000  0.00000000  0.00000000
unknown system
           1
     0.000000    3.317641    3.317641
     3.317641    0.000000    3.317641
     3.317641    3.317641    0.000000
   U    Bi   Pt
   1   1   1
Direct configuration=    33
   0.25000000  0.25000000  0.25000000
   0.75301419  0.74698581  0.74698581
   0.00000000  0.00000000  0.00000000
unknown system
           1
     0.000000    3.317641    3.317641
     3.317641    0.000000    3.317641
     3.317641    3.317641    0.000000
   U    Bi   Pt
   1   1   1
Direct configuration=    34
   0.25000000  0.25000000  0.25000000
   0.75000000  0.75000000  0.75000000
  -0.00301419  0.00301419  0.00301419
unknown system
           1
     0.000000    3.317641    3.317641
     3.317641    0.000000    3.317641
     3.317641    3.317641    0.000000
   U    Bi   Pt
   1   1   1
Direct configuration=    35
   0.25000000  0.25000000  0.25000000
   0.75000000  0.75000000  0.75000000
  -0.00150709  0.00150709  0.00150709
unknown system
           1
     0.000000    3.317641    3.317641
     3.317641    0.000000    3.317641
     3.317641    3.317641    0.000000
   U    Bi   Pt
   1   1   1
Direct configuration=    36
   0.25000000  0.25000000  0.25000000
   0.75000000  0.75000000  0.75000000
   0.00150709 -0.00150709 -0.00150709
unknown system
           1
     0.000000    3.317641    3.317641
     3.317641    0.000000    3.317641
     3.317641    3.317641    0.000000
   U    Bi   Pt
   1   1   1
Direct configuration=    37
   0.25000000  0.25000000  0.25000000
   0.75000000  0.75000000  0.75000000
   0.00301419 -0.00301419 -0.00301419
